0.3520876757176694 -0.9376146760839285
0.2652055339120347 -1.0067528557245637
0.23191796918280896 -0.29577060841835484
0.22245897236326642 -1.0139532679042353
0.13462592934521805 0.9873653481644672
-0.35998516372261724 -0.26396885366337053
0.347542450924791 0.2909206754408135
0.19154037948810831 -0.38827388635650856
-0.15787275295199765 0.39514556372736204
-1.0950207611730618 0.09444488251730065
0.14047741211953363 0.3914003675967249
0.30459928543892867 0.07886816700063262
-0.8926427723039352 -0.4156258129135208
-0.40423150404399766 0.0434167228790657
-0.15208060634023354 -0.9795192199433456
0.16631587061949574 -0.9555397086574535
-0.38649847412846355 -0.13474273524877034
-0.4125205733832595 -0.196221761953614
-0.3757754262758777 0.11204259370206973
-0.8082263318633867 -0.6694404143794307
0.7423608467304079 0.6796121130209692
0.2283213441935582 0.9653085845285773
-0.32977488748739614 -0.2662133790760302
-0.2174585695708007 -0.2975516097474049
0.33972672224618194 -0.22189036426980155
-0.933596992040769 0.3541123576833326
-0.05716426786224318 -0.9728959526403301
0.09598855763517596 0.2717517533430791
-0.17042107595366424 1.0041517309741694
0.37016019357612606 0.11768216353194084
0.2288701160192118 0.9808832360696348
-0.49569893764552314 0.7329252659185537
-0.39764477853715985 0.9709713046736299
0.7142755739373304 -0.7551442736184899
0.02648563393744538 0.4105613817907905
-0.16659155554680738 -0.4815176175505801
-0.0713557501921084 1.0555329374834448
-0.15268259129305609 0.4406825030017991
0.6324968350480594 -0.8350898744519375
0.5085958979833247 -0.7685898748079631
0.08068494933850795 0.3539048590743988
-0.8191215244849913 0.5960985703304406
-0.17657175742119413 1.0207078074030758
-0.06808295397641889 0.36293593194178103
-0.4525427500880631 0.8963488845806424
0.9890960926308844 0.04464210632286916
0.07102627039723579 -0.35056621883424754
-0.29864047692312706 0.24813128856773053
-1.094884396458475 -0.0023104320105366977
-0.32477245453929754 0.9499786599863637
-0.30618374640992585 -0.9815549713348612
-0.5748538141792471 -0.8596615475911872
0.9089018786809664 0.4025249859843849
-0.38080484027758493 -0.2632294381877341
0.40708715644943705 -0.10405747155948405
0.3256017515170406 0.046623754635295236
-0.9735275904129347 -0.22857384056448893
0.364071259406689 -0.06213871566060243
-0.988512755253024 0.28606755814019025
-0.1997125243361394 -0.4401483954626127
-0.7315433072263728 -0.7460194891944487
-0.5097028230536877 -0.20626611154570634
-0.383851532944142 0.13069706936158004
-0.864515877092869 0.7386394779994323
-0.5104426131013242 0.1374544302701534
1.0118111806379642 0.21404457787260217
-0.33025496684805683 0.9062537195357933
0.08113718835554895 -0.35059031935882656
-0.44225771782152096 0.837590366026
0.9469254256124655 0.19234501445326985
0.7362391567388167 -0.8306750592459995
0.27420962490662587 0.9551828524274751
0.6405147986560087 0.7422212048086857
-0.9994165015459628 -0.196847004526022
-0.9654399072585405 0.3006282595225727
0.6350763896504377 -0.7391216358842723
-0.48772836837344463 -0.8643083356120632
0.0018840356894372597 0.9736251611012413
-0.36539017935286955 0.8676762981080393
-0.9357283628537183 0.0368128871962927
0.1062860602095871 -0.33556963150945546
0.3384420045466775 0.3309066753686808
0.9867358974185492 -0.2827483342450087
-0.790905665271033 -0.6230596212105597
0.06174027793481855 0.3772825009209768
-0.2399085276300719 0.39560634583217813
-0.6108478138640131 -0.7390932317136465
-0.9071689693443837 0.14343002153769913
0.2776685888479418 0.24491634538193732
0.525895526842568 0.9509450456676735
0.9903397857781985 0.24401807534773196
0.048120939043123874 -0.3796092179083987
-0.06029223267937162 -0.42878478329681785
0.9146052085834872 0.37920180351013694
-0.20114473479162442 0.36412731715618385
-0.1870362624405481 -0.323736816017623
-0.9314702068103289 0.4691071925644117
0.9284637242802231 0.3034197935874063
0.3457172661764563 0.2421890510857574
-0.18381747224446002 -0.4261682970495041
-0.09689253618509634 0.407319801374476
-0.040819301526277045 -0.3821695387123571
0.8371297013956271 0.24922209628089523
0.23179536501631562 -0.3969600526857607
0.25862172398859606 -1.0401428964768924
0.148634077340281 0.2964670070740889
0.2942362535208613 -0.3315053704702045
-0.9731222338907831 0.08465542233420892
-0.6171567692288177 -0.7502648781760948
0.5068055541073071 -0.07288829870346232
-0.6562327112757778 0.6765636188443035
-0.09917474286017587 0.43839259061681346
0.08643418662507148 1.0838368692704465
0.3143001115069316 -0.2530529271435863
-0.674771804934993 0.6301787086985561
0.32851363934993216 -0.19996484685418137
0.4528949573339477 0.149443174898511
0.38272297164320473 0.3341394158891319
-0.19302761022450662 0.9457579384673973
0.8562125913027673 0.46275344748283237
-0.4232645088532419 -0.1457248676746305
-0.8132745264603536 -0.6105766004941687
0.35555781532362 0.25584129934308053
0.9665825664997327 -0.46537341130092996
-0.27666940748617996 -0.34704167181627377
0.15319574838144023 -0.3552378746064533
-0.907159191933355 -0.22479787792982633
0.4447648137369135 0.01604446155105685
-0.14778185583208522 0.3810121684909976
0.31292409898888823 -0.9297440125002858
-0.4739097392861148 0.07633768162956099
0.2968653898752689 0.34493170794552624
-0.34081808253713225 -0.17487802153371984
1.0444719776756557 -0.06160639885691244
-0.39208987704161813 0.09580844253563732
0.041772901168912795 0.4925534408337841
0.39497108343403065 -0.23486526012084497
0.21561056895104336 -0.31113799382279816
0.40955740343100466 0.07246158919787882
0.7360924240658603 -0.6413627813741671
-0.8302696965873642 -0.5350412801557584
-0.2142271174407936 0.41330351428117257
-0.37234378444476907 -0.22631139978747022
-0.05382986684997032 -1.0319444260798423
0.9516012759240184 0.5075902293349063
0.8865801528573637 -0.4424158601608714
0.4644253598441881 0.903400112587977
0.86981840337635 0.4222057304554166
0.25429347466355845 0.3760756661384347
-0.967978657644727 0.22956497396246175
-0.5700660703279455 -0.8425271945384512
0.28091718264629345 -0.18961739655333776
-0.933375181165796 0.4242540787141499
0.3886887954886994 0.135830450967922
0.7469232182843395 -0.7607128953182916
0.43640783835604846 0.12142912349814723
-0.2326968575267968 -0.3361987227202871
0.6369874870565393 -0.7137997888240409
0.2482557723331459 0.3123094459559387
-0.555789250646605 0.7484575922889921
0.858490351845119 -0.5322536458613615
0.7044487768954592 -0.8049880455744749
0.523376193170461 -0.8646096452403182
-0.018047250289065748 -1.0178183660002198
-0.14750978558957592 0.35455370544022324
-0.39397846868577163 0.08516748745293087
0.9609070675941095 -0.09287018545519411
0.3331996194521421 0.12059806139798687
-0.32601254991977563 0.10631718288773999
0.9729958106740366 0.034665827393356934
-0.37285338367239174 0.01678633669031942
0.8052464149275367 -0.3915788972063111
-0.944754481173525 0.24607858285719122
0.33248045138453874 1.080237201872409
0.9069928980906666 -0.44421426962344157
0.3583349763982418 -0.9017525574364683
0.015763560176286703 -0.9254026037511422
-0.29468253112153286 -0.8719768664413587
-0.5602277941236049 0.8715190335854567
1.005612788187886 0.04535022744739124
0.38493250996625783 0.03149175545400606
-0.38402013441495286 -0.21570183390658043
0.41658179453962046 0.18637649533298872
0.21001005827395564 0.412079050438317
0.9123154025448456 0.3949231552384492
0.9559687545695321 0.1151180268241192
-0.14546093174610059 0.377517852730349
-0.04345368447041682 -0.3643369478139134
0.2827664285763787 -0.44309348614421207
-0.4232632578376418 -0.17287020728860664
-0.31586699853134265 0.9237771327991696
0.19334229194771635 -0.40568884470032074
0.10589531442552114 -0.33729282522898874
0.10787337825181015 -1.0349057331298104
0.12101948562079243 1.036383885588558
-0.26565106545629724 -0.3577311435549412
0.12027907502004806 -0.9673195752229721
0.22078507360749278 -0.3259333740006938
0.046886811929805865 -0.4260104001917883
-0.35486926525336443 -0.9429900030184296
0.44704571586961206 -0.8437191403459368
0.7382409205063815 -0.5958359098416768
-0.041287851086408686 0.4208010201323315
-0.12699059145806205 0.3486827373383145
0.523632318690472 0.8949866881750961
1.0231162113820378 0.03760713548569822
0.37795388067115154 -0.10650479609098695
0.08317105539264591 -0.34405093082472754
-0.27986782807679395 0.3345154767506865
0.3645502788671763 0.9436255567895943
-0.19235295327188817 -0.4974669640899421
-0.30353707120989454 -0.3170427724783405
-0.3128306539384874 0.24756171161149987
-0.8645297592102077 -0.45971715227643417
0.1557146243385942 0.3443382852923126
-0.6999549968132477 0.7226169084228111
-0.39855899010037527 -0.044370476934303
-0.3758220631217975 0.2211668541640021
-0.19212829878080623 0.3888166367988013
0.9274691244786923 -0.4380478740639877
-0.4451096408154013 0.0009674577860593128
0.3829684822855021 0.18421691597718792
-0.6234857424402658 0.7684444140171767
-0.16339084411873978 0.45224263268515025
-0.8900277474722716 0.4209314227659479
0.7867859328730002 -0.6875636872746547
-0.986535384490374 0.1309548608749619
-0.09398194636665952 -0.4029033231178455
-0.9743803065828736 0.2543289984665589
-0.4338455030238515 0.08208538699856235
-0.20179475016916487 0.8909169996879454
-0.44206277071538136 -0.18407014776186853
-0.23102529177895165 -0.9746825695029273
0.01377127663974272 -0.46423371965863947
-0.09434135765546008 1.0066589659156864
-0.8691635223768406 0.46983568617642446
0.5135935097129111 -0.816699560591528
0.44221097182161595 -0.04819694696404971
0.4637288840292502 -0.1352574823801577
-0.17949254214135363 -0.31336963086864333
0.3588339526343157 0.25146651974164824
0.06544781408298388 -0.9308543188983097
-0.8639309495795902 -0.4119122120758497
0.9785855904574087 -0.25376798638270226
0.45338872631484367 -0.9273974133601924
0.21666135094411337 0.3874607077355901
0.23336879840364202 -0.29325354270271153
0.3799044183458514 -0.2693964908021398
1.0390552710236325 -0.015931033064602057
-0.08328246079021354 1.0404127424234382
0.36223965939061054 -0.22846447107366652
-0.4884657843538689 -0.1279081971285289
0.9572080682744887 -0.20690801052322197
-0.8261679515439793 0.47532323732894377
-0.9467269935275593 -0.3337495995104089
-0.044130598092171194 -0.4662385737334822
0.7671944313401305 -0.6893020770425233
0.8813268754489515 0.30676331173484667
0.7871582069640444 0.44995751507362347
0.3994089818133425 0.12848235732447044
0.03901349965410986 0.3445046177875797
-0.2910421790677302 -0.2823972703138784
-0.4508519480890439 -0.08600779461267034
0.7062357835573035 0.507101692929262
-0.9832778421281477 -0.35734853812993783
0.060483752257385004 0.3568442176312994
-0.11005520214349061 -0.4021152445108771
0.22027780433821967 0.2608530025196851
-0.016240704427524275 0.4404748140416917
-0.5140873488862512 -0.7203264582476374
-0.9712362317228147 0.010735036440996666
-0.7337859068871617 -0.714389975818228
0.15034007396823315 0.27805855099602894
-0.2939386792559687 0.2549411542682146
0.5863071389685173 0.8127909111680892
0.38490319818916396 -0.022542852377383526
-0.013735054615594329 0.39699557443648703
-0.7608647699126341 0.7140593773309271
-0.43665383151605525 -0.060970452540743035
-0.9161172583383548 -0.3561743526859088
-0.28570304862145873 -0.23275737705241745
0.7400137567296794 0.5791036228179295
-0.9486365992657855 -0.1574412508989313
1.0765671559328662 0.14907190801940373
0.22321390673577043 0.309299302536601
-0.6833945468802944 0.7519980369992946
0.1817066899012813 -0.9700362777258369
-0.7312556765137517 -0.6412928742890749
-0.1438065613065115 0.9959022718641011
-0.1330171032516809 0.38804071140149493
-0.3455949284302707 -0.06885641983188787
-0.41100692577193076 0.011815307607912724
-0.1251222818039207 -0.9443268185938096
-0.8795607027541537 -0.22922728704414916
1.0374805084949437 0.4668567309711259
0.4865904103850223 -0.9086328712737961
-0.28081833123271116 0.25708320415480274
0.7043108526326257 0.5600603847520534
0.9502355365761793 0.3630366836823886
-0.3899172705516923 -0.04566176977770603
0.5330535979445115 0.8403729895656615
0.9726636900519419 -0.29439159175500673
-1.0031591442420997 0.011400948657819614
0.297714118626985 0.25294550294206597
-0.21150537514586434 0.40984354363434994
0.4154470574726722 -0.888988258929254
-0.8898312715485055 0.5875155316062444
-0.33294271235419437 -0.21951160283150162
0.9839066846281799 0.2932792437983368
0.8288399521464899 0.644561116936295
0.4631571367593706 0.039002628960475155
0.10174749377479503 -0.35945032660637416
0.15162189427735404 -0.41163165911614563
0.4208131056190776 -0.031287638760350726
-0.21300892969991775 1.0523215528286518
-0.4056491025231786 0.26587104857368166
0.6259952420367179 0.8581384792026362
-0.4610112671060781 0.17149571287943305
-0.7306585571061703 -0.6561147085826703
-0.34564165528261825 0.2639168705836845
0.547682887470665 0.769016470594956
1.043909926916279 0.22605476942647448
-0.9218731521869876 0.3981023078900363
0.9927480907503338 0.026838331015965083
-0.2796114502245518 -0.35300281727889105
-0.2025401677216009 0.40128282773612833
-0.5298058238985134 0.015729577067263946
-0.18908941271435167 -0.4108560241623114
0.616276611428144 -0.8358444028497615
-0.5900800164676255 0.7485703518501148
-0.0376099121681845 -1.0729310195622908
0.4227656146724395 0.11254985689517952
0.08510700687852733 -0.4738707540761958
0.21192570524021992 -0.39775451220244673
-0.4784448809206519 -0.9871729837009177
-0.8653126113287186 0.4754876122775263
-0.372591380190766 -0.028507358153488573
-0.48987712218964413 0.06598957260187166
0.31925684144945976 -0.2117096710494356
0.6584402329697456 0.7436714633150435
-0.7904367810979295 -0.20027930769946825
-0.40560202136727047 0.9326252882636484
0.30193950029676553 -0.3740154257769082
0.12852032797125335 -0.41825216090615364
0.09458631530737072 -0.41234601330125586
-0.4666723935690236 -0.16519737520174133
-0.15864451704637336 1.0011551734341806
0.9697869754313446 -0.28311188911991375
-0.873830176045888 0.6643766970883426
-0.02220534161665241 0.4305821510759067
-0.3582024965615071 0.2032071523112931
-0.47641930256817333 -0.11679614349291546
0.07543875680058298 -0.4052432698176731
0.1780181745919558 0.4956726649814927
0.3818095314227663 -0.0008027494576784405
0.9929046397457655 -0.10586090173503697
0.31678517868763584 -1.010268771701297
-0.45151191122905987 -0.08203548793295398
0.19087141349323816 0.3846384437701918
-0.9875631642181785 -0.3915856258195223
-0.10904796207694419 -0.4885492964923699
0.17618049131237695 -0.4226439079278569
-0.8187868177344015 0.65679780745209
-0.5671281636856637 -0.8844805148201816
0.445399712159821 -0.005578883666835455
-0.911090507803424 0.5466953521036149
-1.0105271446440254 0.13156895655183473
-0.3426085747058366 -0.04344841187658641
0.15332534354882038 0.3612788482886343
0.5238157040250926 -0.9421761809189442
-0.13686825570711308 0.30879790634842935
-0.4241130542222231 0.07505302756758125
-0.38431461594729477 -0.03576710574522127
0.11243359821064042 -1.0377056388182972
0.9588768635488829 0.2738425189898762
0.3876264004735535 0.030576467713189788
0.4658601347811212 -0.8271135380671037
0.34002541491472166 0.31865031703865127
-0.24375840619801428 0.3286542725497215
0.0015378706151169541 -1.019850375492392
0.2360797070199197 0.9940887060066307
0.13263943791048163 0.3686447389797491
-0.9323575328937993 0.29393982122126544
-0.43216578942460016 0.8760678860276163
-0.40770289534668314 0.019445626189506134
0.3193371454421844 -0.9707603467649764
-0.7589691693080245 0.6726018991822
-0.014397296683738816 1.038497998810199
-0.7866057987883702 0.4526596886664325
-0.28480891086038923 -0.3139437463876047
-0.3990381247351935 -0.8146541900743824
0.28332462600144376 -0.23075827755476389
-0.052586036512998396 1.0662460995285654
0.13840797417727108 0.3642281644711963
-0.4465302792546452 0.9429594734546669
0.486672411175402 -0.04323523026294131
-0.946794050097025 -0.3642338188644884
-0.1778784844088755 -0.30797820194881337
0.3596686422961722 0.3769766170572042
0.5374194522660007 -0.022626083956754806
0.12427517518026716 0.9806250534872226
-0.28160223426232717 -0.4258889489400003
-0.32051256667022093 -0.20639386064880377
1.006340654638494 -0.16997278745875588
-0.9220403074824506 0.3917908745105988
-0.2891242640201895 0.3644439860959911
0.20792788796409326 1.0002672053177355
0.16341813988331583 0.34739299423199443
-0.19050567022222412 0.4483519133586571
0.6518824665189988 0.7528316759616318
0.05313051011336508 -0.42778310099283795
-0.4523189990257126 -0.09026749481980714
0.44183639192058644 -0.043820366124493755
0.8250919846069493 0.3881971711432891
-0.5354840597820909 0.803610124232785
0.1723710984086722 -0.9981231415090726
0.22782892816016784 -0.3240016406557017
-1.0320562395066009 -0.384603256552607
-0.5795199176332273 0.8317831436112674
-0.9542147331561323 -0.32217137136217594
-0.4051961627181839 -0.9361379960023077
-0.24493599982862652 1.0796077786815115
0.019164816285546164 -0.4720878845912141
0.3037025614744065 0.2413863613931747
0.5032490493939455 0.8648665014594177
-0.9652700376099843 0.13155861574057554
-0.6862562141773275 -0.6393684808073825
-0.6880017147686871 -0.8025320496185046
-0.2527973860143009 -0.9626447558153381
0.3796023703937625 0.060988607477956994
0.6858088506244694 0.6205289906813254
0.6211760357776371 -0.7229327136773911
0.1697585638415604 0.40429196137482876
0.39882071707458927 -0.16323550644852747
0.0835107545702982 -0.3464101811427218
-0.3813272149469698 0.889002730990344
-0.3617445614451581 0.305699969675748
0.7190295149035908 0.6925787808893148
1.02957245860118 -0.2744747082741588
-0.36926782128500985 0.2194318385344134
-0.5107083602679302 0.8708298310074412
0.329940114678605 -0.09976199087608854
-1.071243611901828 0.13286397756639207
0.39779970002649656 0.05540831548157586
0.2376251372382712 -0.25483767093029985
-0.901492642343561 0.4649204991157163
0.22694541131304277 -0.3744940671734359
-0.2745037386036201 0.14320051864536115
-0.31750653917148797 -0.0741237102658617
0.39773410310067187 0.8265385216641413
0.8970443267093918 -0.4737189870871157
0.8047318446764671 -0.48003799259257096
0.13711743582037417 0.4927243361998633
-0.44756175862102 0.1638673742614786
0.18105434690300762 0.39469252911214053
-0.04774625683913036 -0.4149039407355889
0.8479752180929249 0.5142557796375609
-0.402923279758594 -0.15498070352969195
0.8858529096251208 0.40541007483529745
-0.286534175417492 -0.3763151602646665
-0.4083747356916549 -0.12154378182058373
0.34774297945094373 0.3174652887852396
-0.09926670797070392 -0.4682324006281944
0.07592156264241068 0.9405904466692174
0.03039589918740767 0.39720196654850826
0.007843095711148163 -0.41777373033393284
-0.26086528263746017 -0.29587333801540355
-0.15826658128364937 0.882626374843583
-0.2194780563614334 0.3752112066840738
-0.6308597861140078 0.8514712427533471
0.8595077557629205 -0.5795694651064613
-0.4347425390123949 0.08573460118672795
0.18985766828684927 0.41684930241715445
0.9008441275053828 -0.27128493969184275
0.1646754428791576 0.9277002472131951
0.07316406372958398 0.42640770421254676
0.25127492797745205 -0.9787245895364296
1.0180363889653081 -0.010226738225025674
-0.641373056222798 0.8061753859179398
0.24373369893861274 -0.36964035168336884
0.30027480965495756 -0.893852714803931
-0.9814995817110415 0.13927516735736517
0.16188144983865993 0.44124367425309846
0.09720515040516876 0.38245155446518636
0.3548124317291431 -0.27602039746534923
0.3698072415484644 -0.24110989668218394
-1.029259373173876 -0.04777239516271645
-0.762889224341881 -0.5862641001010247
-0.17472700235933536 0.5000132632676878
0.8484682374427911 0.44465990408961314
0.45578528085398945 -0.17671747325344628
0.8458427190033497 0.7650555240560161
0.3368311344465588 -0.18516408434232356
0.2711546322331827 0.9004032485860067
-0.1286783471871425 -0.509078886590016
-0.3580631210270736 0.15331309551710562
-0.3581966763010728 -0.12686785724339927
-0.37525260010054096 0.2519849925435544
-0.12651486556335753 -0.39275998008235413
-0.26899922995807707 -0.2519627871119297
0.40141527913730213 -0.9796891749731514
0.9897452371533288 0.06963915236817093
0.21729220484781453 -0.28778594557170284
1.03146088975876 -0.0710038014547784
-0.41274432155173735 -0.3612300060011709
0.3239662200867747 -0.22665638147442504
0.9536455444236173 0.08480745248254132
-0.3213914015709236 -0.3056278658014095
0.26896312092293645 0.34238689094771885
0.3854613299126186 -0.21153615378008098
0.005172526327626388 0.988388666483833
-0.17737464746597306 -0.35002587712231437
0.3335615637333397 -0.18955344253538195
-0.10689388296466534 -0.3712425286620453
0.40999368575088524 0.25031960274005555
-0.880094547407413 0.3206879041787835
-0.30629809573834066 -0.9822559953693343
-0.21613209197934066 0.377882747206456
-0.1112097420597738 0.9759653646300087
0.6935165086843257 -0.7545497372012241
-0.017317327643964944 0.3911291364270252
-0.447903868134673 0.14484235045713392
-0.2962477833763851 0.20295183579280046
-0.35009917677687136 0.2925745706196079
0.35136539279565626 -0.2872620567056156
-0.8239853571481004 0.6691974018926439
0.8696367729110221 -0.6242348484460553
0.09412199962051393 -0.4497268333835234
1.017141468847397 -0.11304282424491587
-0.10886893872913561 0.49737957188636717
0.7252377314610273 0.7427757731756857
-0.712160347664302 -0.6564448382562522
0.1638160858400402 -0.41934664969370666
-0.4426300245650342 -0.8118256494424017
0.2831791367045294 -0.33337135778328086
0.03924846122456291 0.44682661487711
0.3870385573383815 0.9640359287443162
-0.5487018702951058 -0.7918857843155918
0.34928767038591535 -0.1149633670817643
0.4520025072651083 0.9277632633624009
-0.3162717247462676 -0.27241321780422245
0.33288466642842873 0.09792520057799395
-0.3178249109782847 -0.12431567581687197
-0.9485304241821544 -0.49909868471605967
-0.27505755195483594 0.21284201270945544
-0.059750880059425436 -0.436895128637522
-0.3518598250478423 0.9690112958266076
0.3562087650931204 0.23845374904185732
0.7837913044703497 -0.5999191293093057
-0.8738329030108918 -0.051416328825364635
0.3680925174079553 -0.14902653642081645
-0.0027791402999063353 0.4175695702675705
0.8528650615185407 -0.5513363768653545
0.8939634003893017 0.46100147647620326
-0.08603478257420495 0.4526811835573615
0.155814176840231 0.4458149992420454
0.015259247932155166 -0.4418198532149797
-0.25010358330923155 -0.9569662818783797
-0.7950813267497051 0.583494267512402
0.2865878370116206 0.34272245489183684
0.8053150815778773 -0.5387751972586315
0.9406289079415817 -0.32333230993814344
-0.09290242638946394 -0.41807564215976145
0.2587078169173006 0.20268534635159763
0.011749509140063598 1.0356760264199836
0.02118423891754917 -0.4422023623185629
-0.2842883095251196 1.0035275302590636
0.3810832018005132 0.9379133746558586
-0.16693566827417944 0.2484361508821334
0.25356791045049826 0.27027766181917817
-0.375125514713821 0.16463265259167692
0.6859418909062942 0.7966341227803404
-0.6375731511739128 -0.7138301141269111
-0.16543112770640814 0.38522393221147
0.40246318891577776 0.17267708141921972
-0.8946261053221383 -0.47930259791968294
-0.4448412872573203 -0.03966533781712226
-0.4144028632598523 -0.09270468018058318
0.2361230490301184 0.4249683236052952
-0.111462727297795 -1.006772015406614
-0.9686658122711926 -0.4084947470581408
1.0156237715183727 0.3158554818531348
-0.3946565138559945 -0.9015622245730601
0.7125258709623131 -0.6934293480210391
-0.3239959594986315 -0.9508014007808541
-0.541094070776947 0.8974823546254844
-0.6340522171657723 0.7246884131464714
-1.0010636781334867 -0.13825945627431036
-0.8753554328658552 0.5264470836349102
0.8707761000567684 -0.45458780422296763
-0.9280727933754791 -0.09818567711017137
-0.2511846390409289 1.0007216987105854
0.262074239088831 -0.3487577202298622
-0.1926837222346753 -0.40842686357626884
0.310225982894555 0.4575881864588308
-0.2642045852904856 -0.8534003675563673
-0.03712314087596866 -0.9934171320135939
0.8258541184216716 0.6142588380925571
0.29410849863624045 -0.36273902032240496
0.34928689952040276 -0.9392457058768909
-0.9126088591792975 0.5747858486261231
-0.530671977824427 0.8882670427303946
-0.20569488573497047 0.24746142382022074
-1.104336117245325 0.09512164006197263
-0.48560445144897046 -0.8712145879730575
-0.39876678939480775 0.007586391273836011
-0.8409096347946553 -0.6504812523302642
-0.4309585025874647 0.16452252144491483
1.0125130869323389 0.5087209646552003
0.37016398795130573 0.8732417703842668
0.8860027327096668 -0.34745611162367235
-0.428599056609588 0.060273640977336784
0.1472723652530583 -0.37452565177353986
0.02615532833395194 1.0007434564662951
-0.9543628694345456 -0.14597836710711065
-0.8024351097866045 0.5168345306997991
0.4063448063465567 0.12133668897542033
0.7814996283251067 0.5293300823411858
-0.3141841858649294 0.41279234423918476
0.03502255899612147 0.9915718624955396
-1.0294036312970587 -0.08983897733023727
-0.6696134249448162 0.7206484283806304
-0.36154512568501257 -0.13534652198359123
-0.3060102089615424 -0.22140297650316773
-0.4401594523792027 0.9472911236585857
-0.8169981733062702 0.467426114661073
0.6539075062625496 -0.5839154643341689
-0.9184975411007966 -0.511861868082143
-0.1753230420753835 0.43919911752688945
-0.1316232645245764 -0.3481988259003111
0.15972065924912107 -1.013652222418473
-0.4098855900491189 -0.19304356105623915
0.024884577409120312 -1.026154130336373
0.2720291871111409 0.9721169987710694
-0.15373528261662162 -0.3089622131181672
0.6045238381482947 -0.7789692378159865
0.007409131721201747 -0.4319497838016684
0.26380669349642744 -0.2598889165788507
0.3531762899940598 -0.04026268494829222
0.9284859679431285 -0.2959214911521913
-0.874349259584139 -0.5484431669202466
-0.3984713008832154 -0.9012191080035661
-0.26390224154816433 0.3589975936256474
-0.8751757546013044 -0.49432480714412363
0.18708000629909383 1.0352106564266002
-0.23422958527339452 -1.014371764929816
0.4314531041124309 -0.02729659135562174
-0.47942324233960953 -0.23347898059545116
0.11907593782876051 -0.27204275333459
0.3707433786037754 -0.07005515000890097
0.6911205096521513 -0.7091914652300473
-0.6415041487899519 -0.6673060486137654
-0.4545411891514489 -0.00971998407611339
0.7593060426247731 -0.7118720364429612
0.257451313439881 -0.2920546580268395
-0.9160642824892204 0.4019160588274035
-0.26784357226740124 0.22623894641207953
0.09513730972931085 -0.3773597790108406
-0.3174498251879658 -0.2768380152247722
0.8510495381246778 -0.2627325371730455
0.7555226538689196 0.6648910264698142
1.043885487801274 -0.14697849308109845
-0.39847599269583445 0.06912176048812253
-1.0287725033614339 0.45326913854919576
-0.065939521277914 0.422583105304193
0.3453684137411664 0.9159833276111929
0.6525713258573179 -0.5756775045568933
0.9398736154580529 -0.04123179146379595
0.14086941172961964 -0.38860990705256443
-0.29018584478915366 -0.4303257399939749
0.46452492306616244 0.027783879166935373
1.02464951104603 -0.06406672112695601
0.5304921872830127 0.8840388710370236
0.5235672920654983 -0.873733753436507
-0.7513731132713246 -0.6472713677177394
-0.2671636159275026 -0.9804723062004681
0.7491920223885565 -0.4342604129014109
0.46544364895938517 0.18047303014698027
0.9352858210767386 0.25118104609334
-0.2777883957043325 0.26482414133412363
-0.15559187147576678 -0.42369952450498366
-0.8426362955722498 -0.5749104978323984
1.0338933224058393 0.06095522058726424
0.9420024998558618 0.3972123967750367
-0.19833266565178406 -0.9528804882923485
0.0331620462938853 -0.4857788338492216
0.4414966987787837 0.0222946871331689
0.3709124105372879 0.17656651463609693
-0.33853315649146454 0.08736923626777086
-0.354091645700668 -0.9365140327380901
-0.2328321317118873 0.30376152477735613
-0.3516895248644828 0.09096811279852138
-0.3725594672396188 -0.2150744329045562
-0.2713389313933048 -0.37865785798249496
1.0597233634357466 0.2776330880595494
-0.32621895400091766 -0.06609984260897264
-0.6113261495757015 -0.7240614999312522
-0.9886167601265015 0.2281539936447197
-0.43131401398855773 0.02163448500879633
0.03546796740107763 -0.39794475130315055
-0.2687361751931955 -0.3293601568774497
-0.39485041372575946 0.9746371825877834
0.14306130624950714 0.404143728636971
0.4227065922387386 0.006708937099257668
0.9142224810829203 0.3887818818936822
0.8710849776108585 -0.3487368199024925
0.204356400213016 0.9742551300642004
0.6459921333506695 -0.8102808240956696
-0.6450686231712438 0.8965892194742433
-0.30074260860313945 0.35690574113264606
-0.8742661732705241 0.36896808791706703
0.41834268239015643 -0.931420726374789
-0.10510840434163396 0.4095252469993276
-0.044933010412888406 0.4030370085920427
-0.3823824334567286 -0.9311973532482857
0.0026508362095229374 -0.4321362164622311
-0.2705470302539547 -0.399872766920842
-0.005828030057282614 0.45053015250975353
-0.41780610783535393 -0.038830507270960324
0.40489954605655587 -0.31591548240126555
-1.0773807605304995 -0.14594988478006224
0.9728497988892283 0.3156941061492622
-0.911524293763843 0.05665055029302623
0.4830126820584586 0.937816834466957
0.353524833159232 -0.248934897227728
-0.21127623735400397 -0.3601219797671888
0.2159051194488339 -0.9668530973737073
0.2124974751074431 -1.019744350361345
0.38858245040511297 0.008138397405933792
-0.593233975874961 -0.7718461966053143
0.08705238911481739 0.3754095339765585
0.13477502614745063 -0.40824986616252124
0.6253809054802557 0.7541677231878522
0.5015828159780686 0.9214184667656691
-0.9254120029539166 -0.2912976944483663
-0.9067452030540992 0.29916538772116585
-0.5118407047235148 0.7998109476761855
0.38832279338973696 -0.8389124150416299
-0.3436712215997738 -0.13062572663672015
-0.1420600487749008 0.9809676443115202
-0.40666197559291256 0.11036734339745669
-0.9332303033342052 0.04092042221645156
0.2780024226724411 -0.2606452111029822
0.9553670428270509 -0.10655022116889984
0.8349619229715733 -0.3659155100483436
-0.15734941064150698 -0.9544891006898235
-0.6550134326847602 0.7919888620970805
0.37568342664349075 -0.24513254466130796
-1.0266815375887297 -0.3310605822630629
-0.42970806036698866 -0.9711237527242398
-0.1169241847754196 -0.380153514514533
0.3548404087958727 0.11845492733668875
0.3898184416560332 -0.8195737159212232
-0.014685397410297944 -0.4137034926100233
-0.39832590684589175 0.2907783171134102
0.9481937538073459 0.007647481649139462
0.24513653674540684 0.2815407345744753
0.4228355969594359 -0.053129183743299904
-0.1756698986584827 -0.3750985946893237
-0.316864422004606 -1.0510966744377002
0.4167338538651631 -0.23493096250978734
-0.6010163282208371 -0.7314025320106379
0.05818661700313779 0.4737582378780395
-0.32780516414459365 0.28568582157571476
0.7487971203732805 0.7120631499631189
-0.28652277093473044 -0.18441361551487734
0.6319269182923611 0.7928480304869053
-0.21641372095464018 -0.3752456122770529
0.41207276701797824 -0.04990967636189313
-0.503678064062971 -0.7872960633378976
-0.3069739629993071 0.34533596048801873
0.7566228394966833 0.6562631812621308
0.46063328241838264 -0.09744028899359859
-0.037699821464338035 0.39686058085929793
1.0390941667464817 0.08801378469672762
0.07442874242588253 0.39067123038565715
-0.1793133573518526 -0.9034466606407204
-0.2896735714837561 -0.35226124598245456
0.945283538078681 -0.02773074970824897
-0.9957857092979734 -0.12382126955543615
0.3559544981031692 0.2206182999291248
-0.08219186023585205 -0.9590202184114149
0.9798396158508427 -0.10019880346474258
1.0166072011051464 -0.26163288531842793
-0.04485675670522418 -0.4436251685316364
0.1594086728009596 0.3994736568805761
-0.6520243057906743 -0.6878316875414529
-0.34608830116729494 -0.29415027563042795
0.2176752540220846 0.9220336678394188
0.28724499968722716 -0.3289078535845258
0.34649962876482826 0.36233212687898
0.012657815256661362 1.0396663239410988
-0.4004791891277673 0.31285321942303956
0.32221828548745224 0.23127127794672575
0.5707410776483807 0.7708841107691755
-0.34429765542185364 0.18113684827558504
-0.13186567745155853 -0.30563081091226874
-0.023359444860641614 -0.4275697936787931
-0.2270291399217903 -0.39946151559612647
0.122025033621431 0.424111835646722
0.1521420013604266 -0.41302653330481565
0.36682813395562475 -0.2816864675418708
-0.22301850908868376 1.0239775398535589
0.9105695530391985 0.4703294040435018
-0.2608453664385718 0.3234036088104321
0.6175953759661157 -0.8581494980894369
0.8384969983383465 -0.6082910858683495
0.5869643490727365 0.8192452733016887
-0.2931875899437895 0.35194569030859957
0.33105644918895916 0.34899044447110256
-0.9310220855240376 -0.13707247897845715
0.7231556337563172 0.8021759971964169
0.6202944225045937 0.6735165679623357
0.3198671526270924 0.2813562415113905
-0.006144264632775516 -1.0492732221665235
-0.09057719243468305 -0.9585476451655548
-0.8928312226758246 0.4339665395283278
0.34225244443446695 0.1499017852710687
-0.30416469027396065 0.20379084998726626
0.6957783210088682 -0.6122210680015844
0.1655811536006942 0.400311165828789
-0.30647904047746416 0.21305813217905398
0.9763695687439478 0.2234536185391136
0.3609073050977164 0.12268876083252317
-0.9796365430248742 0.1267691196680026
-0.1259456410985943 -0.41889948801641896
0.5828648066164803 0.7762862519742925
-0.6341699108352274 0.8458943493638246
0.4311710221591338 -0.0029383900538878863
-0.2584156986648421 0.3169133985254565
-0.5745543139107984 -0.8917892324577223
0.9626195718524987 0.2184016693457676
0.3581237316186869 -0.06683019856978908
0.3516058313829513 -1.056335527091009
0.5123169782809818 -0.08259937149328284
-0.08720016064477526 1.0785361357671677
0.2961641691565911 0.2540795047818626
-0.3808538246857529 0.0767910239266803
0.32285961970463917 0.18261583934889997
-0.2807668662754402 -0.24297334462699047
0.3165031537716474 -0.35169894247850997
0.7760226758543339 0.5205575391962034
-0.35142680262051706 0.2187349519689669
0.07325113672253136 0.41501921064189945
0.045864662735069034 -0.3959357806014197
0.41769243141526996 0.05638664152137871
0.22556458375683872 0.34991879408566606
-0.5383029595796179 -0.765275017728589
0.11291732327088276 0.4013469180874857
0.25804061117097077 -0.27442170675683614
0.08783993436252419 0.40035502383192006
-0.006596934780268945 0.9607516057829926
0.14166775793951192 0.9973986843354278
-0.03229398991391143 0.34038916241899525
0.2163996657699367 -0.9964486698667404
0.834896729211717 -0.5899830264462862
-0.1629067375259926 -1.1007367383748377
0.3651732385425825 -0.9219185904143739
0.7377688891814809 0.6691818771813834
-0.9688099787742159 -0.555135823933232
-0.6131382049646628 0.6993837774341432
-0.7898648088602841 -0.5543154535161027
-0.3505871901476763 -0.21503649041325065
0.11896657709644065 -0.9869784677904178
-1.1041402792656294 0.15476715709933425
0.341235344933609 -0.9661117919488296
0.4274050390690698 -0.9378137261856451
-0.981921546718343 0.20343751939747218
-0.49951661555088694 0.06948782104595004
-0.24961102031188842 0.22259854786960653
-0.15224331307111655 0.43583713418121767
0.08442033715878916 0.3721962676565371
0.07055968261479681 0.39857516213165445
-0.49334340838124446 -0.8233643981667067
0.3864498863849078 -0.017307484952794078
-0.4629829977486789 -0.11124760033453941
-0.00933004753837972 -0.4517952568019608
-1.0386464966162854 0.16896853473091628
-0.5572632223686464 0.8171813542011794
0.5474129895890596 0.7580203883045973
0.6754589283974615 0.7564312526812579
0.3489702931981897 -0.16031465375300205
-0.599341534095061 -0.7646292262173036
-0.3888222041969214 0.05987962224056605
-0.9331878473946488 -0.27391365161602593
0.9533492707426481 -0.10779771874309732
-0.33236444408242694 0.9505767361412405
0.4491178793584815 0.14235204120538553
-0.3018324766497119 0.2992483170163663
0.42448842876760884 -0.016816548703845483
0.17247701788212177 -0.46310496422454656
-0.16855010816355206 -0.415796925068646
-0.0744687929504054 0.4586483388281063
0.403269603901379 0.2180971342692743
-0.9465060762012789 0.34641088144713006
-0.36284485561832935 0.09198941985347234
0.3331042833169765 -0.2515217318994929
0.30195356152797 -0.9594700197181136
0.9392238518402791 -0.3664471949493774
0.4113080703383994 0.24789712429707308
-0.1515367424338523 -0.4558183043966409
0.16749736304510937 0.32719286200632614
-0.49734120405408555 0.8870186450718809
-0.3838456523129647 0.055116133576595665
-0.4002533166192084 0.12020412376166606
-0.2663631294474615 0.16355397128195692
0.7084869871994192 -0.759990943935107
0.939453219378305 -0.4234362132303596
0.3255641797240781 0.9414961422042953
-0.46608096701802176 -0.10296633015966525
-0.0563574127173257 0.4606450652486452
-0.2751945073887839 0.9535570934586551
-0.4407415768157022 0.03110606969161231
-0.32779396956883095 -0.34998925920634805
0.8426223963378371 0.6203863397812389
0.0624772829021251 0.3836588569872164
0.13233830195270363 -0.4482321475003467
0.6784670368652193 0.7586293797042842
0.29971267186738243 -0.23677527195773865
0.18166110904691612 0.9365117498294752
-0.043654436482139646 0.3925524018042972
-0.017006708054492475 0.4795226767713154
-0.6734942864967913 0.8636238601178304
-0.8257401558217059 -0.6099237173169011
-0.23304703850377023 -0.3741094295951459
-0.7613025838669358 -0.6959003594472409
-0.970333466838234 -0.12362320412262734
-0.2825131902904115 0.30049452992343806
0.3902069714131789 -0.10888592878715082
0.3217592487165175 -0.3143610358738502
0.3499588734442583 -0.2413705386279713
-0.15000697792559722 0.38869357169535346
-0.9131821559460774 0.13478696730281714
0.32291472329418436 0.15087539664161995
-0.46781393793122594 0.019257988414996097
0.439610778845834 0.04245646212857973
0.19551728269021557 -1.0317832188825211
0.37060770728051745 0.2301405506606094
0.43953750118353846 0.945886709439759
0.9686234458573719 -0.33536927576830955
0.0844807395918967 0.3969332762912006
0.3207452403018814 0.2188307274332015
-0.07018576540321284 -0.3622419453830999
-0.609050266051909 0.707538782123357
0.38864251620049123 -0.09017692770043204
-0.9681716422554016 -0.14433581172271967
0.8089966388582812 -0.3933339363626898
0.40077337389003526 0.31107434790990013
-0.9498899467124612 -0.19524241482525917
0.21421979948901207 0.38326902425601433
0.1507690784884693 -0.4551636958749893
-0.8379723171505771 -0.49218274921265975
0.09389327399430038 -0.49294701028723525
-0.5114066061825518 -0.8821672155140076
-0.8511278909025682 0.4404663064902217
0.302644979721349 -0.09301025366016925
-0.18398814490582735 -0.3539829848571727
-0.3248060275441365 0.9370976793840641
-0.23328173451955314 -0.3365980591152236
1.0969056127122292 -0.025070880278274768
-1.0127168261631925 -0.398732982918359
-0.04715951446983273 -0.4542501251254673
-0.24233921082208357 0.307912711077594
-0.3870383670791327 0.02803862285047894
-0.2086764479377124 0.29755884841231084
-0.3841634577784019 -0.07943623413457992
0.2569914417908968 0.2513610956530448
-0.06576940364023946 -0.42275467949365597
-0.02074760137588868 0.37619069735205335
-0.09678971058837735 -0.979238529563746
-0.9707659819619125 0.2086984380970736
0.4358607750192552 -0.05188876040178661
0.9464180760247678 -0.3683856061082134
0.19995375305119678 0.30136592358442527
0.3797871508731547 -0.2784575030700987
0.2757904277343727 -0.25066761132400056
-0.8308966423310792 -0.5828143862955566
-0.7569891510244035 0.7131936586619003
0.9085407639999301 -0.5160640249149993
-0.2845774607589856 -0.32125976950546237
0.06699320665748044 -0.450701346272694
-0.9348776115041255 -0.5146164075818492
-0.34477252227668054 0.24506370327774327
0.48954894216865774 0.821949550810169
-0.5241885341613192 -0.806151051743525
0.5725292873376976 -0.8330927332828428
-0.4577536177828115 0.19843598649333233
-0.3963974881327841 -0.912291028910972
0.5646778588953633 0.7626885927120507
0.39691569287203615 -0.11551802612798098
0.4875179516815047 0.1043520579729324
0.08683891302270112 1.0356240699328916
0.4611543705573686 -0.8795831579731926
0.4173593921187795 -0.10426454432402542
-0.9908120325142842 -0.39122525975435385
0.41574986805476877 0.1105185313218259
0.30550836720686936 0.8723715570500419
0.3781913887399478 -0.17934165738766278
-0.1217226707347909 -0.931153557196667
-1.008211218359747 -0.1481764391437395